Starting Dynare (version 4.4.3).
Starting preprocessing of the model file ...
Found 6 equation(s).
Evaluating expressions...done
bComputing static model derivatives:
 - order 1
Computing dynamic model derivatives:
 - order 1
Processing outputs ...done
Preprocessing completed.
Starting MATLAB/Octave computing.

STEADY-STATE RESULTS:

y 		 -0.615979
c 		 -0.839061
i 		 -2.22566
k 		 1.46322
n 		 -1.64006
A 		 0

MODEL SUMMARY

  Number of variables:         6
  Number of stochastic shocks: 1
  Number of state variables:   2
  Number of jumpers:           3
  Number of static variables:  2


MATRIX OF COVARIANCE OF EXOGENOUS SHOCKS

Variables       e    
e            0.000052

POLICY AND TRANSITION FUNCTIONS
                                       y               c               i               k               n               A
Constant                   -0.615979       -0.839061       -2.225663        1.463216       -1.640060               0
k(-1)                       0.080740        0.520207       -1.677670        0.933058       -0.372030               0
A(-1)                       1.527738        0.540172        5.479215        0.136980        0.832445        0.970000
e                           1.574988        0.556879        5.648675        0.141217        0.858190        1.000000


MOMENTS OF SIMULATED VARIABLES

VARIABLE      MEAN    STD. DEV.   VARIANCE   SKEWNESS   KURTOSIS 
y           -0.649653   0.032873   0.001081   0.094937  -1.111506
c           -0.865305   0.028296   0.000801   0.183199  -1.626203
i           -2.289065   0.079599   0.006336  -0.015488  -0.192274
k            1.433199   0.037162   0.001381   0.146307  -1.674047
n           -1.646277   0.012129   0.000147   0.086817  -0.201104
A           -0.019885   0.019470   0.000379   0.072609  -1.003723


CORRELATION OF SIMULATED VARIABLES

VARIABLE      y       c       i       k       n       A   
y           1.0000  0.9002  0.7850  0.7811  0.5107  0.9978
c           0.9002  1.0000  0.4369  0.9751  0.0853  0.8695
i           0.7850  0.4369  1.0000  0.2263  0.9335  0.8242
k           0.7811  0.9751  0.2263  1.0000 -0.1380  0.7381
n           0.5107  0.0853  0.9335 -0.1380  1.0000  0.5663
A           0.9978  0.8695  0.8242  0.7381  0.5663  1.0000


AUTOCORRELATION OF SIMULATED VARIABLES

VARIABLE      1       2       3       4       5   
y           0.9301  0.8654  0.8016  0.7695  0.7329
c           0.9830  0.9679  0.9509  0.9374  0.9225
i           0.8537  0.7123  0.5726  0.5084  0.4352
k           0.9935  0.9875  0.9795  0.9704  0.9604
n           0.8485  0.7007  0.5548  0.4888  0.4127
A           0.9208  0.8471  0.7748  0.7392  0.6986
Total computing time : 0h00m05s
Note: warning(s) encountered in MATLAB/Octave code
